100 6.427638
200 20.582071
300 6.998313
400 10.610182
400 10.622572
800 10.163827
1200 16.953014
1600 10.716332
400 8.589142
800 14.314244
1200 0
1600 0
2000 9.854435
2400 5.0027084
2800 0
3200 4.592072
3600 8.908867
4000 7.231409
4400 0
4800 10.720541
5200 7.5398254
5600 7.465375
6000 9.49464
6400 0
6800 10.000791
7200 7.758029
7600 0
8000 10.734547
8400 14.241926
8800 3.7276335
9200 9.724955
9600 0
10000 0
400 0
10400 0
800 0
10800 6.4464655
1200 13.315479
11200 5.5038238
1600 14.038735
11600 9.683451
2000 6.585993
12000 3.007189
2400 0
12400 0
2800 4.4207683
12800 5.1866803
3200 0
13200 13.216749
3600 0
13600 0
4000 10.5980215
14000 0
4400 5.1750927
14400 2.920948
4800 7.9138055
14800 0
5200 7.429346
15200 6.0744424
5600 3.9928057
15600 10.536871
6000 12.178026
16000 0
6400 12.623083
16400 0
6800 0
16800 16.640085
7200 0
17200 0
7600 0
17600 7.979244
8000 0
18000 0
8400 6.5502515
18400 15.025238
8800 0
18800 0
9200 4.154709
19200 0
9600 4.9384365
19600 0
10000 0
20000 0
20400 0
10400 6.833593
20800 5.6138315
10800 0
21200 2.8369088
11200 6.5649195
21600 0
11600 0
22000 7.963194
12000 10.313992
22400 0
12400 4.8976707
22800 11.894062
12800 0
13200 9.870548
23200 0
13600 10.92362
23600 15.050756
14000 9.82802
24000 7.665819
14400 3.7445273
24400 9.645298
14800 9.294555
24800 4.720044
15200 3.6896331
25200 6.0159554
15600 0
25600 9.135464
16000 7.201746
26000 6.926883
16400 12.424404
26400 4.896785
16800 0
26800 8.390301
17200 7.6761065
27200 9.295891
17600 7.8024006
27600 7.0806694
18000 9.424199
28000 0
18400 14.60136
28400 0
18800 0
28800 0
19200 0
29200 5.362954
19600 6.5087442
29600 10.965519
20000 3.5807743
30000 0
30400 0
20400 4.0239115
30800 0
20800 12.026933
31200 0
21200 6.5504093
31600 6.7799845
21600 0
32000 8.832564
22000 0
32400 7.354156
22400 0
32800 8.870411
22800 10.835304
33200 7.8138237
23200 7.357176
33600 3.6194465
23600 6.746619
34000 10.582998
24000 0
34400 5.884008
24400 11.985604
34800 0
24800 0
35200 8.048346
25200 0
35600 0
25600 0
36000 2.9422371
26000 0
36400 9.849405
26400 0
36800 0
26800 0
37200 8.1876545
27200 0
37600 9.171924
27600 0
38000 0
28000 4.1429973
38400 12.777362
28400 0
38800 0
28800 10.332386
39200 4.3834248
29200 0
39600 9.214125
29600 7.77583
40000 0
30000 10.671148
40400 9.078907
30400 0
40800 7.7099466
30800 9.096094
41200 0
31200 0
41600 5.984456
31600 14.944653
42000 0
32000 0
42400 7.7995415
32400 8.085087
42800 10.278774
32800 0
43200 9.442442
33200 12.101345
43600 7.1206756
33600 10.624908
44000 0
34000 9.577883
44400 8.220772
34400 0
44800 0
34800 0
45200 0
35200 9.634845
45600 0
35600 0
46000 0
36000 4.249777
46400 9.738503
36400 9.918432
46800 6.2856197
36800 11.212523
47200 0
37200 5.7678237
47600 7.4438844
37600 4.0124207
48000 9.91321
38000 12.878579
48400 5.0822153
38400 15.556733
48800 3.5264473
38800 6.573018
49200 6.404725
39200 0
49600 12.221441
39600 0
50000 0
40000 13.395097
50400 6.4307127
40400 8.896231
50800 0
40800 0
51200 12.059599
41200 14.072169
51600 6.944072
41600 3.4781258
52000 12.354849
42000 0
52400 5.0095024
42400 0
52800 13.61753
42800 0
53200 11.669135
43200 7.865488
53600 8.534899
43600 15.526106
54000 0
44000 0
54400 3.9955783
44400 8.327279
54800 9.670814
44800 5.5736704
55200 5.7136
45200 14.992008
55600 0
45600 11.629557
56000 4.8076944
46000 10.911703
56400 0
46400 0
56800 8.922253
46800 0
57200 9.182874
47200 0
57600 0
47600 0
58000 0
48000 11.872495
58400 0
48400 0
58800 0
48800 0
59200 15.214818
49200 8.785854
59600 3.1793423
49600 12.43444
60000 5.2029634
50000 8.164962
60400 0
50400 10.319151
60800 8.303165
50800 10.083924
61200 0
51200 0
61600 6.265481
51600 0
62000 3.029529
52000 12.18707
62400 8.420022
52400 0
62800 3.2279902
52800 0
63200 9.41121
53200 0
63600 0
53600 0
64000 0
54000 8.151812
64400 12.844752
54400 0
64800 3.5532641
54800 5.5996165
65200 8.122885
55200 0
65600 7.5549927
55600 0
66000 6.014274
56000 9.607975
66400 9.121469
56400 14.682869
66800 0
56800 9.598185
67200 0
57200 9.039107
67600 13.772419
57600 4.656801
68000 9.746457
58000 11.085432
68400 0
58400 0
68800 5.56614
58800 0
69200 7.111393
59200 3.0718198
69600 3.6581733
59600 5.268818
70000 0
60000 9.00752
70400 10.3952875
60400 8.959968
70800 10.021236
60800 3.862758
71200 0
61200 7.74374
71600 7.9633484
61600 10.988468
72000 0
62000 6.0827427
72400 10.825817
62400 0
72800 0
62800 2.378461
73200 11.52024
63200 3.7172873
73600 6.252945
63600 10.988336
74000 8.637082
64000 0
74400 0
64400 0
74800 11.0144825
64800 9.941915
75200 0
65200 2.7163615
75600 0
65600 0
76000 4.0709367
66000 5.149482
76400 0
66400 0
76800 4.377774
66800 0
77200 9.961656
67200 3.602235
77600 4.3749523
67600 16.245548
78000 5.5160265
68000 11.245844
78400 10.561307
68400 4.061886
78800 10.694216
68800 4.1650205
79200 9.378007
69200 0
79600 0
69600 0
80000 0
70000 9.10854
80400 0
80800 0
81200 0
81600 0
82000 12.554095
82400 0
82800 4.7837963
400 3.0569742
83200 13.818723
800 5.039318
83600 17.522127
1200 0
84000 14.955371
1600 6.881235
84400 0
2000 11.021374
84800 7.936427
2400 7.4447856
85200 10.995977
2800 0
85600 9.991244
3200 4.278416
86000 11.83047
3600 6.437492
86400 0
4000 0
86800 11.281074
4400 9.334565
87200 11.131369
4800 4.1548204
87600 5.009412
5200 5.332605
88000 0
5600 3.7099493
88400 10.088381
6000 9.509159
88800 16.133163
6400 11.121748
89200 6.4065495
6800 3.470724
89600 8.424953
7200 0
90000 6.823305
7600 8.298942
90400 0
8000 0
90800 3.7783942
8400 12.77835
91200 0
8800 0
91600 8.61467
9200 5.114161
92000 8.897615
9600 3.7100983
92400 6.202669
10000 8.983877
92800 3.7654977
93200 0
10400 6.019285
93600 4.1786118
10800 4.105184
94000 8.36117
11200 15.084054
94400 5.8781786
11600 0
94800 0
12000 20.880228
95200 10.370542
12400 12.426947
95600 10.869973
12800 0
96000 0
13200 2.2081847
96400 0
13600 13.047788
96800 0
14000 8.436949
97200 6.467757
14400 17.189331
97600 0
14800 6.996834
98000 12.233445
15200 17.893547
98400 5.789364
15600 5.5070515
98800 5.736051
16000 7.117107
99200 7.9839435
16400 0
99600 0
16800 11.91457
100000 6.7433457
17200 6.903963
100400 0
17600 8.470352
100800 0
18000 12.415103
101200 0
18400 6.318528
101600 7.657714
18800 3.2071006
102000 11.092669
19200 5.24754
102400 0
19600 4.3243494
102800 4.7446485
20000 3.6405003
103200 10.719258
20400 7.1096535
103600 10.013376
20800 3.4471745
104000 5.7699814
21200 6.2293653
104400 12.545658
21600 0
104800 0
22000 3.6025562
105200 5.017859
22400 0
105600 10.718033
22800 9.435853
106000 11.139116
23200 9.820714
106400 0
23600 0
106800 5.532369
24000 4.3559155
107200 9.668168
24400 3.113013
107600 11.154421
24800 8.948046
108000 13.219756
25200 12.029123
108400 0
25600 19.916565
108800 9.374845
26000 13.327818
109200 0
26400 10.131075
109600 0
26800 0
110000 10.432646
27200 0
110400 0
27600 5.3754444
110800 0
28000 5.726402
111200 6.322256
28400 3.2561579
111600 9.820988
28800 12.697372
112000 0
29200 2.9497523
112400 6.769174
29600 0
112800 6.69656
30000 13.389885
113200 9.504225
30400 0
113600 0
30800 3.8312535
114000 0
31200 3.684706
114400 0
31600 0
114800 10.9901085
32000 9.379959
115200 0
115600 0
32400 7.746866
116000 12.252225
32800 7.788968
116400 0
33200 0
116800 10.315009
33600 0
117200 0
34000 3.9486926
117600 0
34400 5.2583137
118000 0
34800 5.2007437
118400 16.638918
35200 3.6636934
118800 0
35600 0
119200 0
36000 10.073581
119600 11.419512
36400 6.941435
120000 11.441539
36800 0
120400 0
37200 11.255907
120800 10.757128
37600 0
121200 8.510712
38000 10.718869
121600 11.121151
38400 3.24689
122000 0
38800 0
122400 4.0399027
39200 7.0024047
122800 0
39600 10.151139
123200 9.750734
40000 5.71762
123600 0
40400 18.326029
124000 13.205466
40800 10.82386
124400 0
41200 0
124800 11.487937
41600 10.885985
125200 0
42000 6.8854985
125600 2.1227016
42400 7.595996
126000 3.581935
42800 12.028207
126400 5.7237754
43200 0
126800 7.4963603
43600 0
127200 0
44000 0
127600 0
44400 6.8626933
128000 4.132129
44800 4.5937457
128400 0
45200 5.4984016
128800 5.450218
45600 13.810366
129200 0
46000 16.946701
129600 9.39732
46400 0
130000 5.4237127
46800 15.839417
130400 8.98698
47200 7.881677
130800 2.4392343
47600 3.427485
131200 0
48000 9.067334
131600 10.928186
48400 10.6971445
132000 11.305403
48800 14.913086
132400 0
49200 4.595061
132800 12.497192
49600 6.1795874
133200 7.2310967
133600 0
50000 11.6581135
134000 11.621702
50400 0
134400 11.088364
50800 5.70666
134800 16.061296
51200 10.754471
135200 7.524655
51600 0
135600 0
52000 0
136000 7.8404684
52400 13.796592
136400 0
52800 10.5821705
136800 0
53200 7.860956
137200 0
53600 7.9616966
137600 6.1598988
54000 10.772706
138000 0
54400 10.9997225
138400 0
54800 0
138800 0
55200 8.916207
139200 8.695954
55600 9.272807
139600 10.803772
56000 6.9991555
140000 0
56400 6.889166
140400 6.9477153
56800 0
140800 0
57200 13.088365
141200 10.306152
57600 8.518742
141600 9.304129
58000 0
142000 5.902181
58400 8.115299
142400 0
58800 6.224952
142800 0
59200 3.392887
143200 8.637928
59600 0
143600 4.8825727
60000 7.5113506
144000 0
60400 6.432723
144400 6.8740606
60800 9.386568
144800 0
61200 13.346656
145200 12.162121
61600 3.6941404
145600 13.576789
62000 1.2847198
146000 0
62400 11.675321
146400 9.553276
62800 4.729334
146800 2.3341527
63200 8.395968
147200 10.592564
63600 7.146552
147600 5.893723
64000 0
148000 5.7659636
64400 0
148400 4.590396
64800 11.195784
148800 0
65200 14.223225
149200 0
65600 4.1025105
149600 8.484428
66000 10.283435
150000 8.685837
66400 0
150400 7.4736986
66800 7.486868
150800 0
67200 0
151200 10.253843
67600 11.803504
151600 6.4714937
68000 10.513115
152000 8.58318
68400 10.84256
152400 7.34177
68800 3.5559564
152800 12.052299
69200 4.025784
153200 6.1320143
69600 2.8597887
153600 9.594067
70000 10.270886
154000 7.9739857
70400 5.458972
154400 4.578149
70800 0
154800 8.865664
71200 0
155200 0
71600 0
155600 5.0580506
72000 9.770147
156000 0
72400 2.3012402
156400 0
72800 0
156800 0
73200 5.9269085
157200 4.4484973
73600 11.361099
157600 10.543519
74000 2.349441
158000 6.6619353
74400 10.534327
158400 5.408666
74800 5.4035873
158800 8.561243
75200 10.460222
159200 3.9100904
75600 0
159600 6.394376
76000 3.3943434
160000 7.0764875
76400 0
160400 7.418474
76800 3.993691
160800 0
77200 0
161200 0
77600 0
161600 14.018759
78000 10.621366
162000 6.7803655
78400 10.032869
162400 0
78800 0
162800 0
79200 4.992787
163200 3.3763237
79600 0
163600 7.760764
164000 9.2993965
80000 5.089116
164400 10.098091
80400 0
164800 0
80800 13.513595
165200 4.4661646
81200 0
165600 0
81600 4.1099606
166000 5.4496794
82000 6.57141
166400 0
82400 0
166800 8.699937
82800 0
167200 0
83200 0
167600 0
83600 9.150052
168000 8.972935
84000 6.4651957
168400 9.331076
84400 3.9183977
168800 7.823494
84800 4.5412073
169200 0
85200 8.402085
169600 5.5494547
85600 5.737007
170000 12.1158905
86000 11.081536
170400 0
86400 9.460163
170800 13.251232
86800 6.7793226
171200 0
87200 10.8913
171600 8.329258
87600 11.78278
172000 0
88000 0
172400 0
88400 4.603302
172800 8.364021
88800 0
173200 12.511182
89200 5.8457737
173600 0
89600 0
174000 2.8702064
90000 7.538339
174400 11.56129
90400 5.493704
174800 0
90800 10.16782
175200 0
91200 0
175600 0
91600 0
176000 0
92000 3.1225154
176400 0
92400 8.494355
176800 7.103482
92800 6.8677835
177200 9.79337
93200 3.4230535
177600 3.3750129
93600 8.306876
178000 11.52575
94000 3.5485349
178400 0
178800 9.711061
94400 1.4008042
179200 7.5623083
94800 8.779597
179600 9.06325
95200 1.8316861
180000 0
95600 8.859214
180400 13.229915
96000 17.725624
180800 0
96400 0
181200 5.620427
96800 0
181600 5.5796165
97200 7.432451
182000 3.3632982
97600 0
182400 3.8136024
98000 9.278327
182800 3.0745957
98400 0
183200 4.184185
98800 10.522107
183600 7.3895946
99200 6.1750736
184000 0
99600 0
184400 0
100000 0
184800 0
100400 0
185200 0
100800 0
185600 11.414834
101200 3.6068163
186000 0
101600 4.998891
186400 3.085083
102000 10.269352
186800 9.420453
102400 4.5111647
187200 8.218988
102800 0
187600 0
103200 0
188000 10.751496
103600 0
188400 12.978602
104000 8.8863535
188800 7.7841854
104400 15.797221
189200 9.322449
104800 7.4674044
189600 6.0228972
105200 14.07545
190000 12.000534
105600 0
190400 7.5943804
106000 7.3827066
190800 0
106400 3.2040472
191200 15.729363
106800 4.8944836
191600 0
107200 10.882443
192000 0
107600 5.5099206
192400 0
108000 0
192800 0
108400 9.783167
193200 0
108800 7.9052343
193600 0
109200 5.254326
194000 2.961248
109600 8.157139
194400 4.537252
110000 9.348728
194800 0
195200 0
110400 0
195600 0
110800 6.973565
196000 4.852415
111200 0
196400 3.967283
111600 4.192125
196800 9.339361
112000 3.0631373
197200 6.8848214
112400 3.5713854
197600 0
112800 9.713644
198000 4.90837
113200 9.191644
198400 5.957957
113600 6.4289865
198800 9.454019
114000 8.68078
199200 0
114400 12.292083
199600 8.084648
114800 12.62309
200000 7.9127107
115200 9.942486
200400 12.938469
115600 9.713807
200800 9.600494
116000 0
201200 0
116400 7.0783753
201600 2.844633
116800 0
202000 3.1061678
117200 0
202400 7.5341673
117600 0
202800 7.10312
118000 11.08823
203200 11.29649
118400 7.03768
203600 13.932451
118800 6.7676306
204000 6.2409396
119200 0
204400 0
119600 6.109924
204800 0
120000 5.9447765
205200 9.05043
120400 5.0311604
205600 4.6757617
120800 9.692094
206000 8.286817
121200 0
206400 12.133208
121600 0
206800 10.707436
122000 12.215834
207200 5.002629
122400 8.330107
207600 0
122800 0
208000 0
123200 14.840226
208400 5.7165365
123600 0
208800 0
124000 6.202669
209200 9.362309
124400 8.554441
209600 0
124800 5.9003725
210000 0
125200 6.4511833
210400 14.505792
125600 5.087112
210800 6.2527266
126000 3.7903566
211200 10.622119
126400 10.102393
211600 7.091547
126800 4.791554
212000 0
127200 12.944673
212400 9.045275
127600 10.5204
212800 0
128000 13.404627
213200 0
128400 0
213600 0
128800 9.644122
214000 5.445699
129200 3.1729596
214400 8.859501
129600 19.237705
214800 14.978308
130000 11.042362
215200 8.27634
130400 10.66698
215600 0
130800 9.162242
216000 8.753822
131200 8.279839
216400 3.3153539
131600 0
216800 0
132000 13.451931
217200 11.675796
132400 10.612052
217600 0
132800 0
218000 7.3462477
133200 10.738809
218400 0
133600 13.487556
218800 0
134000 14.133091
219200 0
134400 0
219600 16.188673
134800 4.8614187
220000 4.0951505
135200 0
220400 0
135600 0
220800 9.246156
136000 2.8171084
221200 8.426463
136400 6.769109
221600 9.284745
136800 8.523371
222000 14.833
137200 7.447386
222400 0
137600 4.9258003
222800 13.8033905
138000 0
223200 3.8928823
138400 12.316801
223600 7.2944374
138800 9.840872
224000 2.8302732
139200 0
224400 7.407011
224800 11.107994
139600 8.614811
225200 11.391566
140000 9.336736
225600 8.213336
140400 10.337028
226000 0
140800 1.937429
226400 4.493781
141200 4.2261877
226800 5.4868627
141600 3.8649476
227200 0
142000 3.7199306
227600 0
142400 4.8136826
228000 8.192557
142800 0
228400 6.54442
143200 0
228800 0
143600 3.5892878
229200 11.908713
144000 10.558922
229600 11.209844
144400 3.1193461
230000 11.673989
144800 5.618793
230400 9.30751
145200 0
230800 0
145600 0
231200 10.776548
146000 6.7848034
231600 0
146400 9.508125
232000 9.124122
146800 5.293048
232400 0
147200 11.9384775
232800 12.064269
147600 6.393317
233200 9.455355
148000 7.2953167
233600 10.749434
148400 9.821086
234000 3.6888127
148800 0
234400 2.9222097
149200 0
234800 8.054327
149600 6.5771165
235200 12.107272
150000 7.0698557
235600 0
150400 0
236000 0
236400 0
150800 5.76621
236800 3.620695
151200 10.362575
237200 0
151600 12.995139
237600 0
152000 5.2382603
238000 3.3496106
152400 3.2597601
238400 3.072948
152800 6.048831
238800 9.926651
153200 5.3721733
239200 2.4742205
153600 14.573198
239600 16.892948
154000 2.852189
240000 6.4817343
154400 0
240400 0
154800 15.972681
240800 0
155200 9.266555
241200 14.196832
155600 10.503488
241600 7.8121824
156000 6.516439
242000 0
156400 6.526527
242400 9.40717
156800 0
242800 13.441929
157200 8.577229
243200 0
157600 0
243600 14.059349
158000 7.9096136
244000 0
158400 9.991553
244400 3.7262735
158800 0
244800 4.8082633
159200 11.842037
245200 0
159600 4.6594744
245600 6.4758797
160000 8.266104
246000 11.0177145
160400 9.195394
246400 0
160800 12.0663
246800 5.4390163
161200 5.213338
247200 15.910115
161600 3.6157784
247600 11.290556
162000 12.734188
248000 2.8725302
162400 3.4741354
248400 4.874253
162800 6.227845
248800 12.323281
163200 7.5715785
249200 0
163600 7.484538
249600 6.2776117
164000 9.39379
250000 0
164400 0
250400 4.406279
164800 4.023073
250800 0
165200 8.752984
251200 8.986073
165600 14.89413
251600 11.323981
166000 9.803102
252000 0
166400 0
252400 0
166800 7.113293
252800 5.6711845
167200 0
253200 12.227353
167600 6.002068
253600 6.008588
168000 7.857604
254000 0
168400 0
254400 10.023219
168800 6.4342933
254800 9.873944
169200 0
255200 2.6472838
169600 0
255600 12.274461
170000 4.959252
256000 7.0711164
170400 0
256400 0
170800 0
256800 3.1894374
171200 0
257200 8.905788
171600 15.493373
257600 4.049506
172000 4.395095
258000 19.496752
172400 4.143535
258400 7.20038
172800 6.4962106
258800 0
173200 4.4789343
259200 0
173600 0
259600 2.7637804
174000 3.7503996
260000 6.291215
174400 0
260400 5.481752
174800 8.711277
260800 7.3591237
175200 0
261200 11.626659
175600 15.951706
261600 3.6537313
176000 12.635986
262000 0
176400 0
262400 14.269544
176800 10.719962
262800 0
177200 0
263200 0
177600 16.054192
263600 0
178000 3.4722145
264000 12.513369
178400 3.7255733
264400 0
178800 10.2205305
264800 14.698327
179200 10.426875
265200 4.5004063
265600 8.551151
179600 0
266000 12.099714
180000 5.0754595
266400 8.981996
180400 5.154002
266800 5.208958
180800 10.758071
267200 4.271595
181200 3.3867083
267600 8.670153
181600 0
268000 4.516796
182000 5.5935197
268400 12.29118
182400 5.9458113
268800 0
182800 14.28654
269200 5.2632685
183200 12.064779
269600 15.434181
183600 0
270000 8.467655
184000 7.0002384
270400 0
184400 0
270800 2.704949
184800 0
271200 7.169206
185200 16.349588
271600 0
185600 0
272000 10.127521
186000 5.7714505
272400 6.9327188
186400 8.238974
272800 12.008414
186800 3.6303737
273200 8.269706
187200 2.2818048
273600 9.295256
187600 0
274000 0
188000 12.818712
274400 0
188400 10.056074
274800 8.26875
188800 9.2916
275200 8.4251175
189200 0
275600 10.504333
189600 5.883542
276000 0
190000 0
276400 0
190400 0
276800 0
190800 10.094044
277200 12.611327
191200 0
277600 0
191600 3.882499
278000 0
192000 5.609215
278400 0
192400 8.3035555
278800 16.365534
192800 7.740152
279200 0
193200 0
279600 0
193600 7.933462
280000 0
194000 12.857559
280400 0
194400 8.009077
280800 2.2635455
194800 8.697691
281200 10.717539
195200 6.755168
281600 0
195600 3.5570889
282000 9.968714
196000 4.7663736
282400 0
196400 9.738491
282800 0
196800 4.9592113
283200 4.91108
197200 11.490493
283600 8.532407
197600 0
284000 5.7271185
198000 0
284400 0
198400 9.292442
284800 14.0782585
198800 0
285200 0
199200 0
285600 5.172752
199600 4.2649627
286000 0
200000 0
286400 5.5310993
286800 3.1649787
200400 7.4953685
287200 9.930214
200800 12.77946
287600 5.847493
201200 8.541175
288000 8.516793
201600 8.035757
288400 7.2379932
202000 5.348112
288800 10.015505
202400 5.6622715
289200 5.0140724
202800 4.1556067
289600 8.704121
203200 9.028608
290000 0
203600 11.982166
290400 3.2931676
204000 0
290800 32.502174
204400 8.474316
291200 0
204800 3.801346
291600 17.906837
205200 0
292000 10.177176
205600 9.602622
292400 7.555636
206000 10.294906
292800 0
206400 7.035425
293200 7.687545
206800 2.005264
293600 0
207200 9.571576
294000 10.645394
207600 0
294400 2.5785863
208000 0
294800 12.732102
208400 0
295200 0
208800 9.7659
295600 14.25506
209200 12.303947
296000 0
209600 12.631583
296400 0
210000 0
296800 0
210400 13.196762
297200 0
210800 0
297600 13.548495
211200 0
298000 0
211600 10.564873
298400 9.784092
212000 9.403042
298800 0
212400 5.3002853
299200 2.9802618
212800 4.6008887
299600 10.317222
213200 7.2025576
300000 13.28704
213600 10.994566
300400 8.008932
214000 3.8493397
300800 0
214400 5.9265976
301200 0
214800 12.709597
301600 0
215200 10.93462
302000 3.958856
215600 13.121458
302400 7.393954
216000 0
302800 12.413535
216400 5.0649834
303200 3.2700386
216800 10.356497
303600 0
217200 12.428876
304000 0
217600 4.836775
304400 10.006634
218000 6.1670218
304800 0
218400 0
305200 7.823387
218800 9.216887
305600 0
219200 0
306000 8.539704
219600 8.971647
306400 0
220000 4.3811584
306800 5.107192
220400 4.2968736
307200 0
220800 6.955312
307600 6.643878
221200 8.806064
308000 5.965742
221600 9.265637
308400 9.250378
222000 0
308800 14.280872
222400 1.260488
309200 5.6054587
222800 0
309600 0
223200 0
310000 0
223600 3.549552
310400 0
224000 9.587674
310800 14.95693
224400 3.9681482
311200 0
224800 11.29914
311600 0
225200 6.3474193
312000 6.054155
225600 0
312400 0
226000 0
312800 10.14273
226400 9.479981
313200 0
226800 8.176951
313600 8.211154
227200 0
314000 2.7971096
227600 0
314400 0
228000 9.776639
314800 0
228400 3.7818527
315200 6.0038643
228800 4.412208
315600 13.749566
229200 9.917969
316000 0
229600 10.141165
316400 0
230000 11.423602
316800 0
317200 7.299676
230400 5.663677
317600 9.691596
230800 4.0370913
318000 7.4965663
231200 10.098727
318400 10.550387
231600 5.3198366
318800 14.23404
232000 13.63712
319200 5.7601404
232400 12.288653
319600 0
232800 11.382292
320000 10.938607
233200 0
320400 0
233600 6.375713
320800 5.7035675
234000 0
321200 6.45634
234400 7.3864307
321600 7.503342
234800 0
322000 6.318361
235200 10.265907
322400 13.447905
235600 9.061798
322800 0
236000 6.809802
323200 0
236400 12.087202
323600 0
236800 7.773121
324000 4.488537
237200 6.568542
324400 3.6679893
237600 2.2491877
324800 7.5549407
238000 12.850351
325200 0
238400 0
325600 0
238800 7.8199034
326000 3.2360926
239200 4.5624504
326400 0
239600 5.3244934
326800 7.641625
240000 0
327200 14.10164
240400 4.296771
327600 2.0184436
240800 0
328000 0
241200 7.0373816
328400 0
241600 9.725403
328800 2.6811562
242000 2.602784
329200 0
242400 0
329600 0
242800 0
330000 0
243200 0
330400 0
243600 2.7556934
330800 0
244000 0
331200 0
244400 2.9688635
331600 10.3865795
244800 8.727093
332000 10.583155
245200 0
332400 11.812153
245600 0
332800 0
246000 11.79842
333200 3.173047
246400 6.938444
333600 6.0076
246800 6.1250415
334000 9.218024
247200 2.35025
334400 4.6618867
247600 12.212013
334800 0
248000 0
335200 0
248400 10.220903
335600 6.7878256
248800 3.4929085
336000 6.379532
249200 0
336400 9.344978
336800 0
249600 0
337200 8.286629
250000 4.875851
337600 14.89087
250400 0
338000 8.530734
250800 8.319591
338400 3.9040248
251200 3.0631046
338800 0
251600 15.866136
339200 7.5602546
252000 0
339600 6.0127277
252400 0
340000 7.0492926
252800 0
340400 0
253200 8.360255
340800 0
253600 8.328604
341200 0
254000 11.150768
341600 11.531583
254400 3.0052958
342000 1.9973655
254800 6.133766
342400 0
255200 9.513867
342800 0
255600 4.0539556
343200 8.848434
256000 5.0779686
343600 0
256400 2.5737262
344000 8.023778
256800 10.247563
344400 13.996023
257200 8.660859
344800 3.912364
257600 0
345200 11.3523445
258000 6.5848002
345600 11.128649
258400 0
346000 0
258800 0
346400 0
259200 0
346800 9.4566
259600 9.906575
347200 7.0320935
260000 0
347600 0
260400 0
348000 15.711454
260800 16.320597
348400 8.030265
261200 8.980284
348800 16.124353
261600 36.95996
349200 16.439371
262000 0
349600 12.298114
262400 5.5685434
350000 11.196514
262800 5.9215975
350400 0
263200 15.731617
350800 9.43892
263600 3.5889158
351200 3.5760188
264000 9.513643
351600 0
264400 8.402392
352000 12.608733
264800 3.9595451
352400 6.3938556
265200 7.288982
352800 5.828577
265600 5.153163
353200 8.056416
266000 10.40939
353600 0
266400 3.792472
354000 4.613075
266800 9.5403805
354400 5.955487
267200 12.60292
354800 7.7947497
267600 8.144114
355200 0
268000 6.7062354
355600 14.905502
268400 8.466201
356000 0
268800 0
356400 0
269200 0
356800 10.851507
269600 9.20328
357200 9.336578
270000 6.2533293
357600 0
270400 17.214108
358000 0
270800 12.433401
358400 9.865663
271200 13.026038
358800 0
271600 5.5876985
359200 0
272000 0
359600 8.727341
272400 0
360000 0
272800 0
360400 4.9053497
273200 6.6575155
360800 0
273600 9.890177
361200 3.399744
274000 8.088261
361600 4.5480013
274400 0
362000 0
274800 0
362400 7.148372
275200 4.4294877
362800 13.176473
275600 8.033361
363200 0
276000 12.807159
363600 6.1992393
276400 11.299096
364000 10.659422
276800 14.652489
364400 0
277200 5.5449343
364800 0
277600 10.739075
365200 0
278000 8.159161
365600 0
278400 5.8554535
366000 5.598914
278800 9.384732
366400 15.144715
279200 0
366800 0
279600 0
367200 4.609834
367600 0
280000 11.538317
368000 15.970753
280400 3.2504215
368400 0
280800 7.2586217
368800 0
281200 13.867919
369200 0
281600 0
369600 3.650631
282000 7.2309923
370000 0
282400 7.546073
370400 4.5981727
282800 3.233996
370800 3.6037898
283200 12.006644
371200 3.8175359
283600 3.2564762
371600 0
284000 2.6217961
372000 11.86676
284400 9.639619
372400 8.423056
284800 15.406411
372800 11.205421
285200 0
373200 8.170695
285600 11.87854
373600 0
286000 9.784371
374000 7.743291
286400 7.620103
374400 9.13593
286800 10.065046
374800 7.8849564
287200 7.017723
375200 0
287600 4.812993
375600 9.081711
288000 12.650821
376000 0
288400 9.793514
376400 0
288800 6.255155
376800 7.056752
289200 0
377200 15.6592
289600 14.532454
377600 11.331908
290000 0
378000 10.168471
290400 8.675214
378400 0
290800 19.67544
378800 0
291200 3.1364703
379200 2.9401617
291600 0
379600 4.069151
292000 4.9270096
380000 0
292400 5.9367356
380400 6.9592485
292800 8.056207
380800 0
293200 8.767908
381200 5.634867
293600 0
381600 15.194465
294000 9.35037
382000 0
294400 0
382400 8.508875
294800 11.602926
382800 0
295200 0
383200 5.396175
295600 3.9614003
383600 11.291471
296000 6.859569
384000 0
296400 6.971125
384400 3.9860642
296800 5.724442
384800 0
297200 5.28656
385200 10.359419
297600 10.855784
385600 12.888062
298000 9.477959
386000 11.329447
298400 9.202359
386400 4.7599583
298800 11.6124
386800 10.656944
299200 20.867586
387200 6.171359
299600 0
387600 13.027203
300000 9.373444
388000 0
300400 0
388400 0
300800 0
388800 0
301200 0
389200 11.132464
301600 0
389600 10.925749
302000 8.481455
390000 0
302400 4.978661
390400 9.327513
302800 12.883064
390800 3.5572808
303200 0.9822204
391200 0
303600 15.062114
391600 3.8399007
304000 0
392000 5.985503
304400 0
392400 8.581688
304800 6.2307982
392800 10.180314
305200 5.7022
393200 8.207942
305600 6.3557854
393600 5.2785363
306000 5.1564407
394000 0
394400 0
306400 5.5625467
394800 6.258936
306800 0
395200 4.9665504
307200 12.924652
395600 5.98254
307600 10.898422
396000 0
308000 0
396400 0
308400 0
396800 0
308800 14.184799
397200 12.444754
309200 6.488583
397600 0
309600 5.9282317
398000 0
310000 8.976361
398400 5.0478067
310400 7.2972693
398800 11.631476
310800 0
399200 0
311200 0
399600 0
311600 10.473204
400000 16.560228
312000 0
400400 3.0128782
312400 6.4844456
400800 13.12402
312800 8.320348
401200 0
313200 7.988326
401600 10.968132
313600 5.183923
402000 4.724329
314000 0
402400 0
314400 0
402800 10.981138
314800 4.2586746
403200 0
315200 2.0434833
403600 3.0494983
315600 0
404000 0
316000 8.616396
404400 3.9236352
316400 8.606747
404800 0
316800 10.73518
405200 2.985201
317200 3.8760362
405600 12.53541
317600 5.1685266
406000 0
318000 11.03346
406400 0
318400 0
406800 4.9689455
318800 0
407200 12.0347395
319200 0
407600 0
319600 0
408000 3.4301994
320000 11.392921
408400 3.173081
320400 0
408800 9.936943
320800 10.426572
409200 0
321200 0
409600 6.178705
321600 3.1430802
410000 0
322000 0
410400 10.751747
322400 0
410800 8.338745
322800 0
411200 6.452371
323200 8.174982
411600 16.030573
323600 10.009087
412000 0
324000 9.01111
412400 5.465374
324400 0
412800 5.170564
324800 11.681491
413200 15.610843
325200 4.891712
413600 10.92494
325600 0
414000 0
326000 0
414400 0
326400 8.835943
414800 12.593831
326800 6.963437
415200 12.621047
327200 7.870721
415600 10.713934
327600 0
416000 12.9586735
328000 3.6982856
416400 0
328400 4.3896894
416800 0
328800 0
417200 4.7853665
329200 8.477488
417600 4.35878
329600 9.178297
418000 5.8368664
330000 0
418400 11.457684
330400 2.9922462
418800 4.904568
330800 3.4191258
419200 7.8202205
331200 10.881518
419600 0
331600 11.51711
420000 10.266879
332000 10.363673
420400 4.089759
332400 3.5798526
420800 8.067659
332800 0
421200 4.773961
333200 8.417729
421600 10.692457
333600 10.255614
422000 0
334000 4.9396996
422400 7.1284833
334400 0
422800 7.102178
334800 11.1195
423200 0
335200 0
423600 12.768815
335600 0
424000 3.377085
336000 0
424400 8.208817
336400 0
424800 0
336800 10.965213
425200 0
337200 0
425600 9.29063
337600 11.943617
426000 6.673509
338000 7.001535
426400 0
338400 0
426800 0
338800 4.9916034
427200 6.4794507
339200 9.695498
427600 13.694443
339600 0
428000 9.151071
340000 8.675611
428400 11.329172
340400 10.373961
428800 3.4128838
340800 15.239082
429200 0
429600 0
341200 0
430000 0
341600 0
430400 0
342000 7.898478
430800 3.165497
342400 11.180333
431200 0
342800 0
431600 13.661945
343200 0
432000 9.16315
343600 15.055147
432400 0
344000 13.301056
432800 9.610143
344400 8.703961
433200 0
344800 10.117817
433600 6.9271145
345200 10.627985
434000 0
345600 2.7792857
434400 8.639427
346000 0
434800 0
346400 10.752627
435200 12.734134
346800 2.05839
435600 0
347200 2.632913
436000 0
347600 8.523916
436400 4.3253803
348000 0
436800 11.818453
348400 5.805045
437200 9.842842
348800 0
437600 10.037543
349200 11.796047
438000 4.072356
349600 3.1660452
438400 7.013525
350000 2.7892177
438800 9.629271
350400 0
439200 5.801068
350800 0
439600 3.3740344
351200 7.247159
440000 10.28129
351600 0
440400 12.441997
352000 4.4493866
440800 6.6428776
352400 7.818648
441200 3.5997477
352800 9.32697
441600 0
353200 0
442000 8.417894
353600 3.4037576
442400 13.637933
354000 8.678322
442800 4.713661
354400 6.7725306
443200 0
354800 8.871236
443600 12.489695
355200 4.849992
444000 0
355600 4.913082
444400 4.475376
356000 6.9522443
444800 4.7695694
356400 6.385327
445200 3.3790665
356800 2.3090138
445600 2.334658
357200 9.455254
446000 5.6097746
357600 0
446400 12.049618
358000 3.2875152
446800 0
358400 13.580461
447200 7.3403697
358800 10.94959
447600 17.895931
359200 0
448000 5.071883
359600 0
448400 0
360000 11.738326
448800 7.5833144
360400 0
449200 0
360800 8.459335
449600 3.420677
361200 0
450000 6.942447
361600 9.128459
450400 0
362000 10.973095
450800 0
362400 6.122811
451200 8.855653
362800 11.402333
451600 0
363200 0
452000 4.0509243
363600 14.087769
452400 2.2731013
364000 4.7256155
452800 10.673653
364400 0
453200 0
364800 0
453600 2.659617
365200 13.260673
454000 7.872439
365600 0
454400 10.244371
366000 6.4072785
454800 11.644718
366400 5.3936567
455200 10.221634
366800 6.3121457
455600 6.6424623
367200 9.545614
456000 15.295655
367600 6.626381
456400 0
368000 11.326352
456800 9.472043
368400 11.695706
457200 15.231715
368800 6.5023546
457600 5.4586406
369200 0
458000 11.084793
369600 5.590989
458400 9.397198
370000 7.3138986
458800 9.958273
370400 7.7556734
459200 2.4009767
459600 0
370800 3.2233913
460000 5.2545156
371200 0
460400 0
371600 10.434887
460800 3.5050566
372000 4.3586516
461200 0
372400 10.569613
461600 7.4364843
372800 5.285024
462000 4.070881
373200 6.3753715
462400 0
373600 3.3732471
462800 9.161173
374000 7.802779
463200 6.469187
374400 4.054339
463600 12.266431
374800 3.4271162
464000 0
375200 9.276781
464400 0
375600 7.1241026
464800 4.280821
376000 4.0955787
465200 12.021005
376400 11.561143
465600 0
376800 2.6064377
466000 6.0842705
377200 0
466400 7.455463
377600 0
466800 0
378000 0
467200 11.319978
378400 4.6589975
467600 0
378800 3.4611845
468000 0
379200 10.412146
468400 0
379600 8.271869
468800 9.713538
380000 5.054326
469200 9.823408
380400 0
469600 10.865615
380800 9.984214
470000 5.472097
381200 12.36555
470400 0
381600 8.577261
470800 0
382000 4.0015554
471200 15.096764
382400 5.689303
471600 7.239674
382800 10.370605
472000 0
383200 6.4133353
472400 11.269139
383600 3.9851525
472800 7.362772
384000 0
473200 4.3375707
384400 4.2188606
473600 4.7964005
384800 0
474000 0
385200 0
474400 10.4513645
385600 9.919378
474800 8.173628
386000 9.829717
475200 4.0331807
386400 0
475600 8.890622
386800 5.7491355
476000 5.9596615
387200 6.683796
476400 0
387600 9.8223505
476800 7.8722134
388000 0
477200 0
388400 0
477600 0
388800 0
478000 7.117737
389200 10.429327
478400 11.006316
389600 13.640743
478800 0
390000 0
479200 0
390400 8.506582
479600 9.511015
390800 5.5083294
480000 8.727625
391200 7.7850804
480400 5.742323
391600 7.7606325
480800 6.9091043
392000 12.716258
481200 4.8890204
392400 0
481600 5.6313434
392800 0
482000 5.8673844
393200 6.384954
482400 0
393600 4.843224
482800 6.765623
394000 0
483200 2.9144716
394400 7.062174
483600 0
394800 9.335072
484000 0
395200 0
484400 10.228674
395600 14.996887
484800 0
396000 13.116324
485200 12.851637
396400 11.99388
485600 5.738576
396800 8.918971
486000 5.480301
397200 2.1952288
486400 11.508673
397600 3.7029915
486800 0
398000 12.131883
487200 0
487600 0
398400 0
488000 9.858659
398800 4.7186604
488400 7.2688365
399200 0
488800 3.6400774
399600 0
489200 4.007569
400000 13.499191
489600 0
400400 6.826843
490000 0
400800 0
490400 5.150996
401200 0
490800 12.622619
401600 0
491200 10.182222
402000 6.2946453
491600 11.707044
402400 21.317554
492000 7.123637
402800 5.9460187
492400 0
403200 2.2929006
492800 0
403600 12.045645
493200 2.7270384
404000 11.867371
493600 3.0495315
404400 9.70507
494000 0
404800 4.2741637
494400 10.159714
405200 6.4930587
494800 13.287299
405600 4.3504195
495200 8.320389
406000 11.930832
495600 11.060608
406400 16.372189
496000 4.5462055
406800 0
496400 0
407200 6.947383
496800 10.174957
407600 11.950138
497200 0
408000 10.437265
497600 11.732791
408400 13.845961
498000 6.6168923
408800 0
498400 3.3417788
409200 0
498800 7.353448
409600 7.5632296
499200 10.372495
410000 3.8042073
499600 13.149129
410400 14.645892
500000 4.9743147
410800 11.618341
500400 0
411200 7.6497893
500800 5.0343695
411600 7.4054217
501200 0
412000 7.38493
501600 0
412400 6.5063634
502000 0
412800 4.191539
502400 5.742058
413200 0
502800 5.7415123
413600 8.46057
503200 0
414000 4.6008067
503600 0
414400 16.494415
504000 0
414800 3.270605
504400 4.6732965
415200 0
504800 3.002397
415600 3.1649227
505200 0
416000 8.941499
505600 11.611473
416400 0
506000 0
416800 0
506400 9.317874
417200 4.1853824
506800 10.119203
417600 6.663186
507200 0
418000 14.794778
507600 7.6976886
418400 11.847393
508000 0
418800 9.7994995
508400 10.077316
419200 3.6676564
508800 0
419600 4.920653
509200 0
420000 10.252965
509600 0
420400 0
510000 11.305058
420800 6.790798
510400 0
421200 8.1929
510800 0
421600 8.023977
511200 8.559116
422000 9.844981
511600 8.610411
422400 8.884065
512000 8.346458
422800 6.0756383
512400 0
423200 8.095467
512800 0
423600 15.344957
513200 0
424000 6.3206134
513600 0
424400 10.307037
514000 0
424800 10.438895
514400 8.713209
425200 0
514800 5.707395
425600 7.4244
515200 11.622522
426000 7.116354
515600 8.626407
426400 8.761697
516000 4.3354135
516400 5.8146048
426800 9.721508
516800 0
427200 0
517200 0
427600 8.160881
517600 4.343327
428000 5.4621134
518000 11.463148
428400 3.3141508
518400 0
428800 0
518800 5.1239886
429200 3.6261911
519200 5.589385
429600 15.700257
519600 0
430000 0
520000 0
430400 10.5459175
520400 9.537476
430800 0
520800 13.669172
431200 13.5661545
521200 0
431600 0
521600 0
432000 0
522000 9.208688
432400 0
522400 7.4821463
432800 12.136815
522800 0
433200 10.478682
523200 6.0098605
433600 0
523600 10.377259
434000 7.170665
524000 6.6941557
434400 6.378005
524400 0
434800 7.418752
524800 10.563356
435200 10.922463
525200 7.505334
435600 0
525600 0
436000 9.007223
526000 4.277142
436400 9.971525
526400 0
436800 14.134003
526800 8.507761
437200 3.7177687
527200 3.7526646
437600 2.4077666
527600 13.285225
438000 0
528000 4.4594574
438400 11.842397
528400 2.7568874
438800 11.350636
528800 6.6565166
439200 0
529200 2.5657632
439600 10.54417
529600 6.4693155
440000 5.6315966
530000 14.603085
440400 7.253468
530400 6.506768
440800 7.8133955
530800 0
441200 0
531200 0
441600 7.156991
531600 12.863446
442000 0
532000 8.338771
442400 0
532400 10.826465
442800 8.764664
532800 0
443200 0
533200 4.0802617
443600 3.4319334
533600 10.626147
444000 6.1264153
534000 0
444400 3.040025
534400 0
444800 0
534800 0
445200 3.5765157
535200 0
445600 4.504162
535600 3.0316873
446000 6.111207
536000 6.2134447
446400 7.5544715
536400 0
446800 2.0849323
536800 0
447200 5.3350654
537200 7.69783
447600 20.493061
537600 4.496375
448000 0
538000 16.732906
448400 0
538400 8.000749
448800 3.7579234
538800 0
449200 4.1162524
539200 0
449600 0
539600 0
450000 2.5094118
540000 12.546935
450400 0
540400 0
450800 11.537402
540800 0
451200 7.6377907
541200 2.5485046
451600 0
541600 4.2901525
452000 0
542000 2.670714
452400 12.204296
542400 0
452800 0
542800 5.6921444
453200 2.1580215
543200 0
453600 0
543600 0
454000 9.492316
544000 5.4118805
454400 11.656513
544400 2.3871965
454800 0
544800 6.953473
455200 11.937791
545200 0
455600 2.8049204
545600 8.902277
456000 2.093629
546000 5.5504417
456400 4.428588
546400 9.121436
546800 0
456800 0
547200 9.20487
457200 4.2053623
547600 3.800921
457600 0
548000 8.201033
458000 8.908771
458400 0
548400 3.2070239
458800 1.834129
548800 6.77503
549200 9.594633
459200 3.228502
549600 3.359603
459600 7.1499486
550000 13.748095
460000 5.8696966
550400 6.672752
460400 7.996907
550800 0
460800 11.430997
551200 8.289466
461200 11.571604
551600 0
461600 0
552000 0
462000 7.2802553
552400 0
462400 14.058393
552800 14.126912
462800 11.486649
553200 14.868193
463200 4.04481
553600 11.517181
463600 0
554000 8.729957
464000 5.6313543
554400 7.943963
464400 3.8595047
554800 12.113875
464800 0
555200 9.504272
465200 0
555600 6.34489
465600 9.250706
556000 10.334979
466000 0
556400 0
466400 7.305363
556800 0
466800 5.6804876
557200 6.052972
467200 4.538368
557600 7.7817793
467600 5.0227056
558000 0
468000 0
558400 0
468400 10.781749
558800 12.250936
468800 9.943423
559200 5.2518673
469200 4.2057486
559600 13.011425
469600 11.622492
560000 8.969036
470000 4.5527253
560400 0
470400 0
560800 11.443975
470800 7.3203497
561200 0
471200 11.847889
561600 8.204802
471600 13.591106
562000 3.2812345
472000 0
562400 15.319064
472400 0
562800 11.627981
472800 2.6302142
563200 9.734508
473200 0
563600 12.028956
473600 0
564000 5.080755
474000 8.063981
564400 15.195211
474400 0
564800 12.235472
474800 3.8655314
565200 0
475200 7.454345
565600 14.31924
475600 2.972174
566000 5.062463
476000 4.419688
566400 13.213168
476400 8.195664
566800 6.5672226
476800 16.765137
567200 0
477200 0
567600 0
477600 0
568000 4.734907
478000 5.691987
568400 8.350485
478400 10.203385
568800 0
478800 14.905939
569200 7.393836
479200 10.118238
569600 9.446281
479600 0
570000 5.3075128
480000 11.468458
570400 0
480400 3.7387898
570800 0
480800 0
571200 4.0922413
481200 7.296372
571600 0
481600 3.6822944
572000 7.692772
482000 9.732875
572400 3.3688889
572800 8.816459
482400 11.37105
573200 0
482800 8.687693
573600 0
483200 0
574000 9.337038
483600 13.840674
574400 7.3108764
484000 0
574800 3.6772747
484400 10.072313
575200 3.4798598
484800 8.778972
575600 0
485200 0
576000 8.221544
485600 0
576400 3.5612853
486000 9.985876
576800 9.548525
486400 0
577200 4.0349894
486800 7.3720617
577600 2.86125
487200 4.033522
578000 0
487600 0
578400 5.752326
488000 0
578800 11.341482
488400 10.426315
579200 9.978416
488800 10.55435
579600 4.121704
489200 7.473744
580000 14.680579
489600 3.2647762
580400 7.905883
490000 6.0007806
580800 3.8275805
490400 10.725086
581200 9.762867
490800 6.9904356
581600 6.7554703
491200 12.709084
582000 0
491600 0
582400 4.3581066
492000 5.5668845
582800 8.466085
492400 9.557066
583200 7.032877
492800 9.755608
583600 4.6556873
493200 0
584000 0
493600 7.7714386
584400 7.414613
494000 0
584800 7.1748595
494400 11.67383
585200 7.940431
494800 4.473072
585600 10.244348
495200 0
586000 0
495600 0
586400 6.3801785
496000 4.899649
586800 13.810279
496400 0
587200 3.4498808
496800 6.2844467
587600 7.4077516
497200 0
588000 0
497600 5.428211
588400 9.696981
498000 2.616888
588800 0
498400 7.494832
589200 3.7816343
498800 7.318563
589600 5.8175535
499200 0
590000 11.806112
499600 9.956475
590400 5.6731305
500000 5.020529
590800 11.0051775
500400 9.574628
591200 0
500800 0
591600 14.493743
501200 0
592000 9.772731
501600 0
592400 7.5261793
502000 5.2722607
592800 0
502400 13.0489025
593200 0
502800 8.368761
593600 6.036432
503200 0
594000 0
503600 3.934041
594400 0
504000 7.789448
594800 0
504400 11.741924
595200 0
504800 0
595600 4.4367857
505200 10.684905
596000 3.538746
505600 8.59264
596400 9.498248
506000 3.0222044
596800 8.944976
506400 5.248395
597200 0
506800 9.981229
597600 0
598000 3.6673913
507200 0
507600 11.284273
598400 5.921791
508000 3.8084924
598800 12.206669
508400 4.6565433
599200 4.921319
508800 2.8480124
599600 7.2097726
509200 0
600000 0
509600 9.067575
600400 5.6534276
510000 4.147812
600800 4.1864953
601200 10.0341
510400 9.63158
601600 16.824745
510800 0
602000 10.591605
511200 12.042307
602400 0
511600 7.9835186
602800 14.418531
512000 5.950763
603200 0
512400 0
603600 0
512800 4.8650026
604000 0
513200 0
604400 6.880311
513600 0
604800 10.112162
514000 5.5608587
605200 3.6783137
514400 11.581556
605600 0
514800 4.9852962
606000 9.68387
515200 8.73422
606400 11.504752
515600 4.796056
606800 0
516000 0
607200 9.842894
516400 10.175552
607600 11.075787
516800 9.9038925
608000 0
517200 0
608400 12.070584
517600 0
608800 0
518000 0
609200 7.6562476
518400 13.491278
609600 9.728159
518800 11.292393
610000 12.120282
519200 1.342524
610400 13.744291
519600 8.548728
610800 3.312543
520000 12.602375
611200 4.026448
520400 4.376447
611600 3.325289
520800 4.821332
612000 0
521200 0
612400 0
521600 10.925102
612800 0
522000 4.860792
613200 9.3848505
522400 8.437387
613600 7.927638
522800 0
614000 5.498017
523200 11.406306
614400 0
523600 7.0907693
614800 0
524000 0
615200 12.894416
524400 2.1550775
615600 0
524800 8.546355
616000 4.255872
525200 0
616400 0
525600 4.15267
616800 0
526000 11.083881
617200 0
526400 5.685431
617600 12.449605
526800 9.696699
618000 0
527200 7.1154118
618400 0
527600 3.905726
618800 9.136623
528000 2.6210437
619200 14.74134
528400 0
619600 0
528800 0
620000 10.139747
529200 10.132902
620400 14.689137
529600 9.349463
620800 0
530000 6.6813445
621200 0
530400 8.028177
621600 5.2414165
530800 10.457554
622000 0
531200 0
622400 10.417713
531600 0
622800 8.274184
532000 16.254805
623200 4.8848333
532400 0
623600 0
532800 12.141832
624000 10.591033
533200 7.0464234
624400 0
533600 0
624800 12.048884
534000 9.322369
625200 0
534400 11.018621
625600 3.9862723
534800 8.861979
626000 9.7914715
535200 0
626400 0
535600 7.2896304
626800 5.585104
536000 3.9520514
627200 0
536400 4.187092
627600 0
536800 11.657616
628000 0
537200 5.8662615
628400 4.8671827
537600 7.388666
628800 7.5593553
538000 9.619616
629200 8.130327
538400 0
629600 11.332147
538800 5.368582
630000 0
539200 7.0468946
630400 3.1320853
539600 13.019013
630800 0
540000 10.9650345
631200 10.640623
540400 2.7638493
631600 13.02837
632000 0
540800 9.644592
632400 6.831901
541200 3.2883384
632800 13.567701
541600 9.114206
633200 8.2666645
542000 8.212561
633600 3.601595
542400 4.5000763
634000 5.396858
542800 4.072513
634400 8.835013
543200 14.89859
634800 9.417631
543600 0
635200 0
544000 11.292258
635600 15.420165
544400 8.393586
636000 6.046952
544800 8.540607
636400 7.6705
545200 8.720552
636800 5.2318454
545600 15.042028
637200 14.218204
546000 9.789634
637600 0
546400 3.0197668
638000 10.650129
546800 4.4838605
638400 3.6145015
547200 0
638800 0
547600 4.4579864
639200 4.7216287
548000 0
639600 5.630812
548400 9.857562
640000 9.105413
548800 4.6821685
640400 0
549200 0
640800 5.373648
549600 4.894776
641200 4.679632
550000 4.2627354
641600 3.8587794
550400 4.003949
642000 0
550800 0
642400 2.6843643
551200 0
642800 6.7867875
551600 8.773964
643200 0
552000 2.7515948
643600 3.119832
552400 3.0528708
644000 0
552800 0
644400 0
553200 9.623744
644800 0
553600 8.087491
645200 4.575056
554000 7.4982343
645600 0
554400 3.7106152
646000 0
554800 6.372988
646400 9.076573
555200 0
646800 7.364066
555600 14.298441
647200 0
556000 6.41357
647600 17.059319
556400 9.23987
648000 0
556800 19.205072
648400 0
557200 0
648800 11.2288475
557600 7.750861
649200 0
558000 8.163387
649600 0
558400 14.401279
650000 7.212964
558800 0
650400 0
559200 6.076498
650800 7.341458
559600 4.0020447
651200 0
560000 8.947517
651600 0
560400 6.4368877
652000 4.8481083
560800 11.032256
652400 0
561200 8.345765
652800 8.133799
561600 6.4480267
653200 12.717304
562000 3.1766572
653600 0
562400 7.0708656
654000 9.160087
562800 4.244749
654400 9.156527
563200 7.4926887
654800 9.634193
563600 6.9683433
655200 0
564000 6.22742
655600 7.687129
564400 0
656000 0
564800 6.3720245
656400 0
565200 2.397648
656800 0
565600 3.6829848
657200 0
566000 7.7955465
657600 0
566400 0
658000 0
658400 5.2302485
566800 9.925959
658800 0
567200 9.619972
659200 11.35762
567600 5.7628217
659600 0
568000 9.7766
660000 6.7827215
568400 8.067067
660400 8.575862
568800 5.874994
660800 10.416831
569200 4.65709
661200 7.0840406
569600 8.496441
661600 9.791724
570000 11.56518
662000 6.6528316
570400 3.1225917
662400 0
570800 7.1033382
662800 0
571200 8.307949
663200 0
571600 9.073062
663600 10.394526
572000 4.955137
664000 0
572400 8.062313
664400 9.737978
572800 0
664800 11.066768
573200 4.4283595
665200 7.879054
573600 0
665600 6.932519
574000 9.577006
666000 3.9813025
574400 2.6438887
666400 8.60371
574800 0
666800 9.290413
575200 12.152156
667200 0
575600 7.0764976
667600 0
576000 0
668000 2.578875
576400 9.42601
668400 3.5814376
576800 4.50167
668800 2.7460604
577200 11.578985
669200 0
577600 2.766802
669600 7.251385
578000 6.7486744
670000 0
578400 4.553934
670400 0
578800 10.846788
670800 0
579200 0
671200 0
579600 2.425815
671600 0
580000 9.77365
672000 13.035028
580400 9.729287
672400 6.707078
580800 10.045266
672800 4.700162
581200 6.6488113
673200 6.9428563
581600 11.667309
673600 14.064029
582000 0
674000 0
582400 3.9703646
674400 10.395024
582800 15.602547
674800 0
583200 3.2485905
675200 0
583600 9.688363
675600 0
584000 8.362084
676000 10.9383135
584400 0
676400 6.465379
584800 9.793893
676800 0
585200 0
677200 3.9639146
585600 12.953869
677600 3.1362362
586000 11.625606
678000 0
586400 5.2084374
678400 4.072955
586800 0
678800 3.5999959
587200 4.5667315
679200 0
587600 10.621477
679600 0
588000 8.2250805
680000 0
588400 8.0959
680400 6.704345
588800 12.8952875
680800 10.167589
589200 9.712673
681200 7.040712
589600 5.3604965
681600 0
590000 3.5356903
682000 3.659648
590400 0
682400 4.1922565
590800 6.729732
682800 4.88514
591200 7.5789413
683200 0
591600 2.8519006
683600 4.9205155
592000 3.208939
684000 9.570947
592400 0
684400 7.4532356
592800 4.8765755
684800 0
593200 0
685200 0
593600 3.5269518
685600 0
594000 12.775304
686000 11.206115
594400 5.050746
686400 0
686800 4.329463
594800 12.118033
687200 4.110365
595200 0
687600 8.548162
595600 12.185345
688000 3.5701725
596000 3.8685772
688400 6.6857786
596400 0
688800 6.563739
596800 6.3455067
689200 0
597200 14.180257
689600 7.8974757
597600 0
690000 0
598000 0
690400 11.5246315
598400 6.393763
690800 0
598800 0
691200 8.572371
599200 0
691600 0
599600 12.4768
692000 2.9342918
600000 11.052881
692400 0
600400 0
692800 4.466371
600800 9.798832
693200 0
601200 11.40081
693600 7.5182896
601600 0
694000 0
602000 3.1960526
694400 0
602400 0
694800 7.54727
602800 9.779104
695200 8.112158
603200 2.965866
695600 9.476843
603600 0
696000 7.1743608
604000 5.0361657
696400 0
604400 0
696800 9.370884
604800 0
697200 9.192696
605200 9.02551
697600 5.0642815
605600 0
698000 7.1830196
606000 11.86416
698400 8.71906
606400 3.4351292
698800 0
606800 5.354613
699200 4.6073275
607200 3.1950002
699600 8.583784
607600 0
700000 0
608000 0
700400 3.7237992
608400 4.724656
700800 11.141843
608800 4.314003
701200 7.396453
609200 4.4216523
701600 0
609600 10.059944
702000 5.210436
610000 0
702400 9.59687
610400 10.7456
702800 5.9946246
610800 0
703200 6.3104725
611200 12.506188
703600 0
611600 6.9891586
704000 0
612000 2.3066583
704400 3.8715618
612400 6.03477
704800 7.347631
612800 13.586914
705200 0
613200 5.928151
705600 7.1904793
613600 6.2626686
706000 8.563062
614000 6.3789186
706400 0
614400 3.9498444
706800 15.128411
614800 0
707200 5.2652273
615200 0
707600 10.213097
615600 9.04591
708000 4.670194
616000 6.6630573
708400 11.172816
616400 9.400264
708800 0
616800 0
709200 12.558609
617200 7.66735
709600 13.438548
617600 0
710000 0
618000 0
710400 8.233873
618400 10.413105
710800 0
618800 5.8374033
711200 0
619200 9.559269
711600 0
619600 10.465814
712000 0
620000 0
712400 0
620400 10.6518955
712800 0
620800 8.127163
713200 11.0878935
621200 3.8034482
713600 9.847573
621600 6.1919265
714000 17.29036
622000 3.9691231
714400 2.1644201
622400 0
714800 4.1819706
622800 9.686907
715200 0
623200 13.217778
715600 3.1581182
623600 2.4613545
716000 0
624000 6.8297586
716400 0
624400 0
716800 8.387977
624800 8.564133
717200 0
625200 0
717600 2.4764867
625600 5.4860063
718000 9.198717
626000 9.099802
718400 0
626400 4.6849384
718800 0
626800 0
719200 0
627200 4.5731726
719600 0
627600 8.594948
720000 7.7373753
628000 10.097378
720400 5.715092
628400 0
720800 4.069003
628800 11.432436
721200 6.8461657
629200 5.3567924
721600 9.099816
629600 0
722000 0
630000 0
722400 3.902369
630400 3.8287299
722800 12.8249655
630800 2.509201
723200 11.284602
631200 4.4667416
723600 0
631600 0
724000 0
632000 0
724400 5.369964
632400 13.713651
724800 9.96277
725200 9.509287
632800 6.0624657
725600 0
633200 0
726000 0
633600 0
726400 10.108165
634000 3.779301
726800 4.9447527
634400 13.20579
727200 10.2923355
634800 6.5574555
727600 7.227789
635200 3.3130019
728000 10.88885
635600 5.4179196
728400 0
636000 8.592781
728800 9.230418
636400 11.256577
729200 7.798595
636800 5.3107142
729600 6.844742
637200 0
730000 0
637600 11.7037735
730400 3.6383379
638000 6.647711
730800 6.0019755
638400 9.104321
731200 10.492735
638800 10.357577
731600 6.8387623
639200 12.297365
732000 4.86823
639600 5.9620686
732400 13.259763
640000 0
732800 8.413052
640400 0
733200 0
640800 16.154825
733600 7.3143835
641200 6.6805468
734000 10.710195
641600 0
734400 0
642000 6.732149
734800 4.391865
642400 5.628916
735200 0
642800 13.162195
735600 7.8473277
643200 7.396364
736000 0
643600 6.6577673
736400 0
644000 0
736800 0
644400 9.397293
737200 0
644800 5.926345
737600 4.1982713
645200 6.0507717
738000 0
645600 0
738400 0
646000 0
738800 15.352123
646400 9.596184
739200 0
646800 8.353565
739600 8.325102
647200 5.007986
740000 0
647600 8.201427
740400 6.034426
648000 2.9277914
740800 0
648400 9.282453
741200 4.2228007
648800 7.013661
741600 7.7189384
649200 4.2549024
742000 0
649600 10.52961
742400 4.8876777
650000 10.461414
742800 5.587558
650400 11.978646
743200 4.5597153
650800 3.3709247
743600 0
651200 10.267087
744000 9.875634
651600 0
744400 9.442385
652000 6.7879877
744800 7.9460354
652400 0
745200 15.129826
652800 8.213783
745600 5.2281322
653200 0
746000 0
653600 0
746400 11.040341
654000 9.438849
746800 9.4346
654400 10.560168
747200 14.521722
654800 4.328117
747600 0
655200 0
748000 8.620327
655600 0
748400 0
656000 5.1950593
748800 0
656400 7.543711
749200 0
656800 2.9764543
749600 6.8073435
657200 0
750000 7.3912234
657600 5.0166492
750400 11.078946
658000 0
750800 15.499599
658400 0
751200 7.2837057
658800 7.8365784
751600 0
659200 0
752000 0
659600 7.3662753
752400 9.9237385
660000 5.3105445
752800 13.788957
753200 8.400448
660400 0
753600 0
660800 0
754000 4.6761994
661200 0
754400 10.146313
661600 9.910507
754800 13.729343
662000 6.5044703
755200 0
662400 0
755600 0
662800 9.023827
756000 0
663200 0
756400 0
663600 0
756800 18.803513
664000 12.104617
757200 9.454533
664400 0
757600 10.2134695
664800 0
758000 7.463044
665200 0
758400 4.245642
665600 0
758800 4.031947
666000 11.168803
759200 0
666400 0
759600 5.2485743
666800 7.7177563
760000 9.235369
667200 5.950209
760400 10.423234
667600 0
760800 20.176931
668000 0
761200 0
668400 0
761600 4.1524124
668800 0
762000 6.2142005
669200 14.510699
762400 3.978623
669600 6.5188613
762800 8.934391
670000 3.6583552
763200 6.7727985
670400 10.669982
763600 8.572824
670800 12.626968
764000 4.1307306
671200 0
764400 4.670121
671600 7.747264
764800 16.003113
672000 0
765200 7.4700236
672400 3.7277274
765600 7.020317
672800 10.683123
766000 8.177437
673200 8.030511
766400 0
673600 0
766800 5.191648
674000 3.2914202
767200 0
674400 16.004793
767600 9.478135
674800 5.9962687
768000 0
675200 5.0010896
768400 9.169377
675600 7.029761
768800 0
676000 0
769200 6.920992
676400 0
769600 0
676800 3.6364923
770000 7.660534
677200 11.073252
770400 9.6309
677600 8.203678
770800 12.121602
678000 5.869695
771200 0
678400 10.229026
771600 9.780713
678800 0
772000 9.811587
679200 8.3722
772400 8.675372
679600 7.445757
772800 6.374934
680000 13.643243
773200 0
680400 10.690831
773600 0
680800 5.9863296
774000 4.1923356
681200 0
774400 7.526829
681600 0
774800 9.593904
682000 9.438307
775200 10.601297
682400 0
775600 9.32606
682800 0
776000 15.616254
683200 6.4024506
776400 7.5680637
683600 3.7445629
776800 3.2916594
684000 8.165337
777200 10.61847
684400 0
777600 9.646194
684800 0
778000 0
685200 3.3479567
778400 10.772766
685600 10.872118
778800 0
686000 15.619868
779200 0
686400 0
779600 9.984598
686800 0
780000 0
687200 8.232272
780400 0
687600 15.709478
780800 9.589728
688000 2.155733
781200 0
688400 12.755881
781600 0
688800 0
782000 10.742509
689200 12.979824
782400 11.216656
689600 3.1154544
782800 13.428423
690000 0
783200 16.245491
690400 5.8551064
783600 0
690800 0
784000 14.352709
691200 0
784400 4.5294995
691600 14.436504
784800 6.5685034
692000 10.481648
785200 7.012624
692400 7.283105
785600 8.802358
692800 15.503528
786000 0
693200 12.020841
786400 10.19634
693600 10.36306
786800 7.591488
694000 5.531211
787200 0
694400 0
787600 11.928302
694800 14.306662
788000 0
695200 0
788400 13.275119
695600 0
788800 0
696000 11.563758
789200 11.26317
696400 0
789600 8.658205
696800 5.670251
790000 12.247826
697200 3.7729616
790400 17.624632
697600 11.619618
790800 6.7415724
791200 5.574887
698000 0
791600 16.979296
698400 14.175668
792000 6.0756626
698800 6.6884627
792400 0
699200 5.493124
792800 0
699600 9.67414
793200 13.26429
700000 7.561075
793600 8.230793
700400 3.5881467
794000 11.61882
700800 12.9882965
794400 0
701200 7.201452
794800 9.631563
701600 4.2070255
795200 7.683986
702000 10.700715
795600 10.002553
702400 12.305596
796000 4.1683464
702800 0
796400 6.84332
703200 4.4398193
796800 0
703600 8.928549
797200 0
704000 0
797600 0
704400 0
798000 0
704800 0
798400 9.685411
705200 9.96338
798800 3.7305484
705600 2.4399686
799200 10.481932
706000 0
799600 9.029625
706400 6.6397343
800000 0
706800 0
800400 8.166508
707200 7.716726
800800 7.314391
707600 11.5494
801200 0
708000 4.833121
801600 0
708400 10.889853
802000 14.511032
708800 0
802400 2.699968
709200 10.042347
802800 0
709600 6.4023595
803200 7.6926327
710000 4.0310183
803600 0
710400 5.8266983
804000 7.588934
710800 4.9753222
804400 0
711200 0
804800 4.97187
711600 0
805200 7.13019
712000 4.3689036
805600 1.651453
712400 0
806000 0
712800 6.0733414
806400 5.575786
713200 0
806800 9.959901
713600 0
807200 11.421042
714000 6.7861304
807600 11.616151
714400 0
808000 0
714800 3.1164007
808400 8.906033
715200 9.450993
808800 7.787384
715600 2.0594506
809200 12.277674
716000 3.3810992
809600 6.7851686
716400 4.6447062
810000 9.172542
716800 0
810400 0
717200 11.522919
810800 0
717600 5.424254
811200 0
718000 7.5648623
811600 0
718400 3.2743254
812000 8.760348
718800 15.084364
812400 0
719200 9.222521
812800 3.4848146
719600 5.269381
813200 0
720000 6.8882027
813600 10.513588
720400 0
814000 13.936994
720800 4.932202
814400 10.415993
721200 11.136221
814800 0
721600 9.873916
815200 10.107206
722000 13.758605
815600 0
722400 10.803616
816000 10.030067
722800 9.327034
816400 0
723200 0
816800 4.6026382
723600 11.508628
817200 0
724000 3.5118587
817600 11.957789
724400 0
818000 8.6595955
724800 5.7263756
818400 14.086454
725200 11.1931925
818800 0
725600 7.8973455
819200 0
819600 7.3279853
726000 5.918292
820000 0
726400 6.828918
820400 12.228164
726800 11.9387
820800 0
727200 7.583789
821200 0
727600 0
821600 13.620329
728000 0
822000 11.058038
728400 6.5382223
822400 16.617233
728800 0
822800 8.233002
729200 2.6727016
823200 0
729600 0
823600 8.369957
730000 15.061716
824000 8.576737
730400 0
824400 4.802021
730800 0
824800 2.5281549
731200 0
825200 12.522551
731600 0
825600 14.981184
732000 2.1042957
826000 10.099361
732400 0
826400 6.6147776
732800 11.103819
826800 0
733200 4.037519
827200 0
733600 10.826079
827600 0
734000 3.348969
828000 9.884166
734400 7.2463083
828400 0
734800 6.3518624
828800 3.8371668
735200 0
829200 9.523362
735600 7.765119
829600 0
736000 11.0569315
830000 1.2627108
736400 0
830400 10.1054125
736800 0
830800 0
737200 0
831200 7.1279063
737600 6.281623
831600 12.338603
738000 0
832000 3.7013667
738400 0
832400 8.64679
738800 0
832800 8.179155
739200 0
833200 4.1746407
739600 6.2417555
833600 11.051087
740000 11.651291
834000 6.4386415
740400 8.673787
834400 2.3368337
740800 0
834800 2.5975108
741200 0
835200 12.786872
741600 0
835600 0
742000 6.3464136
836000 4.842266
742400 0
836400 0
742800 0
836800 0
743200 11.477576
837200 12.295742
743600 8.36227
837600 0
744000 8.129213
838000 0
744400 6.209269
838400 0
744800 3.8491282
838800 7.89923
745200 11.113533
839200 0
745600 2.9333196
839600 11.080744
746000 8.357395
840000 7.858024
746400 17.457663
840400 13.637766
746800 7.8509192
840800 0
747200 10.377916
841200 2.6255302
747600 5.671617
841600 9.3207245
748000 0
842000 7.108655
748400 11.447407
842400 8.0106125
748800 0
842800 0
749200 0
843200 4.7333174
749600 10.051555
843600 9.238865
750000 5.078324
844000 0
750400 13.740175
844400 2.217095
750800 7.6416855
844800 0
751200 5.983925
845200 5.0285826
751600 9.888164
845600 0
752000 5.2262144
846000 12.258387
752400 0
846400 9.566425
752800 3.8225393
846800 0
753200 8.450076
847200 8.1154175
753600 13.249292
847600 8.33062
754000 9.8803005
848000 9.252937
754400 5.362979
848400 0
754800 9.113242
848800 11.55245
755200 0
849200 0
755600 5.8950458
849600 14.747763
756000 6.460631
850000 9.229625
756400 0
850400 0
756800 13.555309
850800 10.01788
757200 9.97729
851200 8.483378
757600 4.1461306
851600 0
758000 12.826016
852000 0
758400 4.781578
852400 10.007495
758800 0
852800 0
853200 9.800315
759200 2.7182481
853600 0
759600 11.872283
854000 6.1007466
760000 0
854400 0
760400 4.463125
854800 9.091793
760800 4.1738153
855200 4.1589446
761200 6.877398
855600 9.557204
761600 6.968872
856000 9.736038
762000 4.795208
856400 4.3740025
762400 12.385562
856800 9.745217
762800 12.09944
857200 5.5709295
763200 7.4068184
857600 11.559051
763600 0
858000 3.5668588
764000 0
858400 9.833927
764400 0
858800 7.584712
764800 10.756291
859200 5.8814816
765200 0
859600 10.733398
765600 9.126365
860000 0
766000 8.284158
860400 4.466653
766400 10.350055
860800 0
766800 9.411844
861200 15.223107
767200 0
861600 11.335438
767600 6.277691
862000 4.454004
768000 0
862400 0
768400 10.814907
862800 4.5081654
768800 0
863200 0
769200 8.852592
863600 0
769600 5.32213
864000 5.0770297
770000 0
864400 0
770400 13.355425
864800 0
770800 12.954165
865200 10.862506
771200 5.265971
865600 7.580014
771600 4.8675575
866000 3.9565992
772000 6.662341
866400 13.786699
772400 5.693938
866800 0
772800 7.6207857
867200 0
773200 6.8126836
867600 0
773600 10.43258
868000 0
774000 5.1645412
868400 0
774400 1.8235798
868800 0
774800 11.028213
869200 8.944167
775200 7.893723
869600 5.987315
775600 2.602755
870000 14.498425
776000 17.578274
870400 0
776400 6.7666345
870800 12.599105
776800 6.68434
871200 0
777200 3.170807
871600 8.29528
777600 4.7380085
872000 9.242964
778000 11.720891
872400 11.171467
778400 0
872800 0
778800 0
873200 13.376767
779200 9.266483
873600 1.9066434
779600 13.438601
874000 0
780000 3.344057
874400 6.1171994
780400 6.7431784
874800 2.465146
780800 0
875200 11.326661
781200 11.06148
875600 8.906293
781600 0
876000 3.408488
782000 8.0473
876400 7.850703
782400 0
876800 0
782800 2.846553
877200 0
783200 11.907686
877600 13.494389
783600 8.145117
878000 5.3614635
784000 5.1247406
878400 0
784400 8.064206
878800 0
784800 0
879200 0
785200 8.253777
879600 17.69477
785600 10.266996
880000 10.230184
786000 3.231823
880400 10.778242
786400 8.337208
880800 14.089708
786800 7.854577
881200 11.309865
787200 0
881600 6.5538363
882000 0
787600 4.3366246
882400 6.3884697
788000 9.946153
882800 8.861217
788400 11.540801
883200 10.570444
788800 11.879633
883600 0
789200 3.9541512
884000 8.4325485
789600 8.929654
884400 3.561058
790000 10.169534
884800 0
790400 9.739699
885200 0
790800 12.189436
885600 5.6314273
791200 5.935638
886000 9.476651
791600 11.576644
886400 13.041576
792000 5.462653
886800 5.5745797
792400 14.194417
887200 3.5917995
792800 8.160318
887600 7.3346767
793200 7.807667
888000 8.544661
793600 3.9923015
888400 0
794000 10.981483
888800 7.9322877
794400 11.616504
889200 10.291199
794800 10.728675
889600 11.470375
795200 0
890000 8.579817
795600 4.8685694
890400 9.11923
796000 5.7759275
890800 0
796400 0
891200 4.1906977
796800 9.31141
891600 7.9867964
797200 12.430126
892000 4.9818444
797600 8.400246
892400 4.3129
798000 5.207506
892800 11.06123
798400 9.232394
893200 0
798800 11.812525
893600 6.883031
799200 10.588825
894000 0
799600 7.868301
894400 0
800000 5.9756727
894800 11.622324
800400 7.581335
895200 0
800800 4.0409913
895600 0
801200 11.540679
896000 8.606714
801600 0
896400 9.762815
802000 6.3606753
896800 4.083046
802400 0
897200 0
802800 0
897600 0
803200 12.157178
898000 0
803600 5.7928076
898400 12.722276
804000 9.2231865
898800 0
804400 0
899200 8.164129
804800 15.332955
899600 11.764526
805200 9.123238
900000 0
805600 9.653454
900400 8.407826
806000 0
900800 0
806400 8.980962
901200 3.9411457
806800 7.013238
901600 0
807200 3.171144
902000 3.3262522
807600 4.225271
902400 11.170105
808000 0
902800 0
808400 8.889784
903200 15.831667
808800 6.6184683
903600 6.454907
809200 0
904000 6.074354
809600 9.7118435
904400 0
810000 6.2936335
904800 10.360746
810400 10.527929
905200 0
810800 12.936552
905600 3.296534
906000 0
811200 10.651956
906400 9.20285
811600 0
906800 6.0798883
812000 4.411645
907200 23.086975
812400 11.7409115
907600 8.70232
812800 4.9179935
908000 9.922852
813200 0
908400 9.252431
813600 8.336049
908800 0
814000 2.9644265
909200 0
814400 0
909600 6.1992903
814800 0
910000 0
815200 10.104094
910400 0
815600 0
910800 0
816000 3.9365904
911200 8.823802
816400 8.341595
911600 10.208133
816800 5.3243704
912000 0
817200 11.752255
912400 0
817600 0
912800 0
818000 0
913200 0
818400 5.747337
913600 5.1948767
818800 8.358817
914000 8.120227
819200 4.8168564
914400 8.739069
819600 6.353462
914800 0
820000 10.622154
915200 4.471866
820400 7.2852273
915600 9.296509
820800 0
916000 12.280088
821200 12.789012
916400 5.6321507
821600 7.559585
916800 11.393168
822000 7.393222
917200 2.6842575
822400 10.8294
917600 0
822800 15.2975
918000 0
823200 18.194918
918400 9.563532
823600 14.393698
918800 7.9379315
824000 11.958962
919200 0
824400 13.6519165
919600 12.286855
824800 0
920000 10.290499
825200 12.923325
920400 4.320023
825600 0
920800 0
826000 7.583936
921200 10.38841
826400 9.365108
921600 8.767273
826800 3.355092
922000 6.6249304
827200 2.9950173
922400 7.0975757
827600 8.755014
922800 11.398589
828000 7.726259
923200 0
828400 9.513283
923600 9.077066
828800 4.7768764
924000 0
829200 6.7844415
924400 11.746179
829600 0
924800 0
830000 8.346014
925200 3.0627928
830400 0
925600 0
830800 4.4083295
926000 0
831200 0
926400 0
831600 2.5692797
926800 6.5284815
832000 8.452237
927200 7.063441
832400 11.021242
927600 7.494445
832800 5.0843
928000 5.9152493
833200 6.873872
928400 5.755585
833600 5.6370068
928800 0
834000 3.344139
929200 6.9749594
834400 0
929600 0
834800 10.005145
930000 8.178471
835200 7.243679
930400 14.149261
835600 6.593328
930800 0
836000 8.422038
931200 8.342835
836400 6.891774
931600 0
932000 7.529232
836800 0
932400 8.951741
837200 5.1106
932800 15.839407
837600 7.460415
933200 0
838000 3.3521724
933600 0
838400 0
934000 0
838800 16.502958
934400 0
839200 4.7245007
934800 0
839600 13.374501
935200 10.459018
840000 0
935600 11.023592
840400 0
936000 8.555655
840800 7.4462895
936400 5.034237
841200 9.312025
936800 11.40746
841600 0
937200 6.526928
842000 6.960375
937600 5.076675
842400 6.877008
938000 2.735333
842800 9.956869
938400 7.542186
843200 7.2433963
938800 0
843600 13.850636
939200 0
844000 6.369678
939600 0
844400 17.017643
940000 12.094893
844800 7.8758993
940400 10.575269
845200 8.682759
940800 4.4669876
845600 10.250101
941200 7.7020774
846000 6.582663
941600 5.676961
846400 11.747531
942000 10.202878
846800 5.683427
942400 8.5799465
847200 5.165831
942800 4.381789
847600 7.7151165
943200 5.456314
848000 6.4788947
943600 10.24365
848400 0
944000 0
848800 12.966258
944400 11.509786
849200 12.453173
944800 4.069745
849600 7.1854835
945200 0
850000 0
945600 0
850400 3.8583622
946000 14.913638
850800 7.488099
946400 6.141012
851200 6.071953
946800 9.894029
851600 3.313685
947200 0
852000 0
947600 0
852400 5.5794015
948000 4.7381754
852800 0
948400 0
853200 2.8349757
948800 8.633196
853600 3.385822
949200 7.0871067
854000 10.316268
949600 7.2531643
854400 5.1166105
950000 3.1493912
854800 7.529711
950400 6.0425043
855200 0
950800 6.0030766
855600 12.344739
951200 6.7868433
856000 4.2447424
951600 9.252924
856400 4.8798313
952000 10.013184
856800 4.8711414
952400 13.083275
857200 0
952800 0
857600 12.543933
953200 0
858000 4.5863447
953600 0
858400 4.660176
954000 10.938307
858800 0
954400 0
859200 7.912608
954800 8.541834
859600 6.598739
955200 9.147437
860000 6.5912924
955600 0
860400 3.188706
956000 10.769131
860800 0
956400 0
861200 0
956800 0
861600 10.758059
957200 5.467634
862000 11.485264
957600 0
862400 12.349009
958000 11.93829
862800 10.781087
958400 0
863200 8.391974
958800 0
863600 8.370742
959200 6.540765
864000 0
959600 6.995929
960000 0
864400 10.212451
960400 0
864800 0
960800 0
865200 0
961200 13.048755
865600 9.4121
961600 0
866000 10.488983
962000 0
866400 12.193879
962400 13.230378
866800 5.563544
962800 0
867200 3.723824
963200 0
867600 10.773449
963600 0
868000 12.157633
964000 0
868400 3.9701953
964400 3.106182
868800 3.8433533
964800 0
869200 7.0405817
965200 11.577697
869600 0
965600 0
870000 6.309919
966000 9.947266
870400 4.5115767
966400 0
870800 10.766855
966800 0
871200 0
967200 0
871600 0
967600 3.72327
872000 0
968000 3.7626176
872400 0
968400 7.832943
872800 8.733927
968800 0
873200 14.819276
969200 9.459952
873600 0
969600 0
874000 0
970000 14.481665
874400 8.739307
970400 0
874800 0
970800 6.235866
875200 0
971200 3.6577344
875600 8.275656
971600 0
876000 7.533104
972000 0
876400 0
972400 0
876800 0
972800 3.9804978
877200 7.9200807
973200 11.755867
877600 8.398238
973600 8.579873
878000 3.7273536
974000 0
878400 9.436875
974400 0
878800 3.4249744
974800 3.4610825
879200 7.2266726
975200 9.3213005
879600 12.902796
975600 0
880000 9.867757
976000 10.139138
880400 0
976400 7.3049855
880800 3.2085762
976800 10.623472
881200 0
977200 2.8217597
881600 0
977600 0
882000 6.364908
978000 0
882400 4.160552
978400 0
882800 0
978800 0
883200 0
979200 5.3271074
883600 0
979600 4.87968
884000 11.565722
980000 0
884400 3.805829
980400 16.764816
884800 0
980800 10.147035
885200 10.384767
981200 3.681133
885600 0
981600 9.315406
886000 10.481334
982000 0
886400 0
982400 9.010993
886800 0
982800 6.443639
887200 4.639126
983200 0
887600 0
983600 0
888000 0
984000 0
888400 5.4934063
984400 7.3242416
888800 10.434644
984800 0
889200 8.916834
985200 10.022624
889600 3.81251
985600 4.1599274
890000 12.1596155
986000 12.408926
986400 0
890400 15.730341
986800 12.60682
890800 5.6330404
987200 0
891200 7.4323096
987600 0
891600 7.214479
988000 11.309624
892000 0
988400 11.368412
892400 6.198626
988800 13.018989
892800 0
989200 0
893200 4.1745224
989600 8.562736
893600 13.703386
990000 0
894000 6.454067
990400 12.035611
894400 0
990800 11.229168
894800 7.8358617
991200 3.4541936
895200 6.6973586
991600 6.917602
895600 4.4254656
992000 9.122252
896000 10.015725
992400 12.2088175
896400 4.357704
992800 5.91586
896800 5.5453196
993200 5.970641
897200 7.814876
993600 8.573092
897600 0
994000 0
898000 9.510709
994400 0
898400 10.475351
994800 3.0636735
898800 4.13506
995200 9.795679
899200 7.7776175
995600 16.312906
899600 6.399526
996000 11.166639
900000 0
996400 0
900400 0
996800 10.433058
900800 0
997200 0
901200 4.149672
997600 7.530806
901600 11.694509
998000 6.7024136
902000 6.3244114
998400 0
902400 5.7479215
998800 0
902800 8.176785
999200 9.643833
903200 15.476009
999600 0
903600 5.4753904
1000000 0
904000 8.9887295
1000400 9.936
904400 9.173021
1000800 12.812299
904800 5.19534
1001200 6.596905
905200 2.9839914
1001600 2.7346687
905600 4.636909
1002000 11.077849
906000 0
1002400 10.689176
906400 14.686049
1002800 8.452
906800 0
1003200 12.14984
907200 13.284763
1003600 3.3480673
907600 12.47927
1004000 0
908000 0
1004400 9.305848
908400 3.7037032
1004800 15.174735
908800 8.563487
1005200 6.8417196
909200 9.28978
1005600 5.1753736
909600 8.585401
1006000 0
910000 5.9426794
1006400 0
910400 10.281769
1006800 10.442276
910800 6.028019
1007200 12.613562
911200 0
1007600 4.2830696
911600 0
1008000 0
912000 0
1008400 13.681731
912400 7.293456
1008800 7.069764
912800 0
1009200 10.237515
913200 8.69626
1009600 0
913600 4.7427406
1010000 0
914000 0
1010400 8.191389
914400 6.339479
1010800 6.831583
914800 0
1011200 8.039061
915200 0
1011600 5.7920895
915600 0
1012000 0
916000 9.312488
1012400 7.7877326
916400 0
1012800 3.1176386
916800 4.7022123
1013200 10.309773
1013600 6.379226
917200 7.6103697
1014000 0
917600 5.4365196
1014400 8.057146
918000 12.310924
1014800 0
918400 9.820268
1015200 0
918800 5.6433263
1015600 5.919743
919200 0
1016000 9.63295
919600 0
1016400 0
920000 10.9152775
1016800 6.985501
920400 0
1017200 7.47092
920800 2.9500859
1017600 7.0444765
921200 3.886814
1018000 9.192893
921600 5.3859496
1018400 0
922000 0
1018800 0
922400 9.763035
1019200 0
922800 6.5357075
1019600 11.933504
923200 4.276456
1020000 0
923600 12.361946
1020400 4.2867723
924000 8.879111
1020800 12.335753
924400 3.714988
1021200 0
924800 3.2580576
1021600 0
925200 10.993155
1022000 0
925600 3.9382155
1022400 0
926000 10.771389
1022800 0
926400 0
1023200 4.091434
926800 0
1023600 0
927200 6.808276
1024000 0
927600 9.696963
1024400 11.601495
928000 5.3754144
1024800 0
928400 4.839921
1025200 9.598418
928800 5.103819
1025600 15.088044
929200 0
1026000 0
929600 5.426064
1026400 0
930000 3.4373183
1026800 7.980689
930400 3.1989708
1027200 0
930800 12.367943
1027600 4.418518
931200 2.2365942
1028000 7.104057
931600 0
1028400 0
932000 0
1028800 5.2304044
932400 6.7242565
1029200 0
932800 11.53049
1029600 0
933200 0
1030000 0
933600 8.654335
1030400 0
934000 2.8165734
1030800 7.408553
934400 5.2529216
1031200 2.8907309
934800 10.603341
1031600 5.3130546
935200 3.7604413
1032000 0
935600 4.4062247
1032400 0
936000 10.434878
1032800 0
936400 0
1033200 12.216504
936800 11.506611
1033600 0
937200 10.987768
1034000 0
937600 0
1034400 0
938000 11.484846
1034800 5.1817036
938400 5.158384
1035200 0
938800 7.218268
1035600 7.531651
939200 9.210955
1036000 11.782827
939600 0
1036400 0
940000 4.2293625
1036800 0
940400 9.976141
1037200 6.338159
940800 0
1037600 15.194357
941200 8.786604
1038000 9.494994
941600 3.9774513
1038400 4.453993
942000 2.9290836
1038800 7.603987
942400 0
1039200 10.8491535
942800 5.662523
1039600 18.241554
943200 2.7957034
1040000 10.082453
943600 8.971158
1040400 0
944000 3.3433704
1040800 14.5885
944400 12.560645
1041200 3.3535333
944800 13.408244
1041600 0
945200 16.114162
1042000 0
945600 8.82253
1042400 4.598626
946000 4.846715
1042800 0
946400 5.856486
1043200 9.7121315
946800 15.469091
1043600 7.35926
1044000 7.999992
947200 0
1044400 0
947600 8.007507
1044800 0
948000 9.56479
1045200 0
948400 2.7553155
1045600 2.6941934
948800 4.3473325
1046000 2.1866546
949200 6.7179585
1046400 8.54683
949600 7.5357494
1046800 3.8600678
950000 7.5569506
1047200 0
950400 0
1047600 0
950800 10.714748
1048000 0
951200 10.423251
1048400 13.0213995
951600 7.3384604
1048800 7.331368
952000 10.227743
1049200 0
952400 11.030303
1049600 0
952800 4.0895786
1050000 8.463826
953200 7.443998
1050400 3.3326976
953600 9.337533
1050800 0
954000 0
1051200 3.5175397
954400 3.9837465
1051600 14.921194
954800 0
1052000 10.206355
955200 11.424351
1052400 0
955600 3.389786
1052800 6.578472
956000 0
1053200 0
956400 6.88171
1053600 0
956800 14.889857
1054000 4.0016594
957200 18.37483
1054400 10.723366
957600 12.849981
1054800 10.475038
958000 0
1055200 0
958400 0
1055600 8.488297
958800 7.4958906
1056000 0
959200 6.093754
1056400 9.361364
959600 0
1056800 5.4417543
960000 10.559047
1057200 8.632603
960400 10.278742
1057600 10.070985
960800 3.3864622
1058000 0
961200 0
1058400 9.360155
961600 8.773174
1058800 4.359718
962000 11.80886
1059200 12.217934
962400 6.760725
1059600 0
962800 0
1060000 8.99525
963200 6.625224
1060400 0
963600 0
1060800 0
964000 4.8653126
1061200 0
964400 0
1061600 0
964800 7.12371
1062000 0
965200 11.917689
1062400 8.113181
965600 4.322659
1062800 4.101716
966000 5.770397
1063200 0
966400 12.119573
1063600 1.2622033
966800 9.744998
1064000 0
967200 0
1064400 2.8807857
967600 9.355871
1064800 0
968000 13.763739
1065200 0
968400 11.847318
1065600 3.5708036
968800 8.947306
1066000 8.341378
969200 4.110643
1066400 8.208061
1066800 5.09454
1067200 3.5058389
1067600 0
1068000 0
1068400 6.610223
1068800 7.220941
1069200 0
1069600 7.908386
1070000 0
1070400 4.060695
1070800 9.579644
1071200 6.2394075
1071600 0
1072000 12.1090765
1072400 7.0060844
1072800 5.6399183
1073200 0
1073600 8.311299
1074000 0
1074400 9.116182
1074800 14.245198
1075200 12.650349
1075600 4.2210836
1076000 12.505261
1076400 6.4785204
